-0.010937500000000044,0.0178515625,-1.005,-0.35317073170731716,-1.0282926829268295,-0.014390243902439037
-0.006787109375000044,0.015654296875,-1.0020703125,-0.23121951219512216,-1.089268292682927,-0.07536585365853665
-0.009228515625000044,0.022490234375,-1.0020703125,-0.29219512195121955,-1.089268292682927,-0.014390243902439037
-0.015087890625000044,0.018828125,-1.001826171875,-0.23121951219512216,-0.9673170731707319,0.046585365853658356
-0.010937500000000044,0.02224609375,-0.99962890625,-0.17024390243902454,-0.9673170731707319,-0.014390243902439037
-0.007763671875000044,0.017607421875,-1.0001171875,-0.17024390243902454,-0.9063414634146343,0.10756097560975597
-0.013134765625000044,0.0178515625,-1.01037109375,-0.23121951219512216,-0.784390243902439,0.10756097560975597
-0.013623046875000044,0.019560546875,-1.004755859375,-0.17024390243902454,-0.8453658536585367,0.10756097560975597
-0.012158203125000044,0.023466796875,-1.003046875,-0.23121951219512216,-0.8453658536585367,-0.014390243902439037
-0.010205078125000044,0.022001953125,-1.00109375,-0.17024390243902454,-0.8453658536585367,-0.07536585365853665
-0.010693359375000044,0.01931640625,-1.008173828125,-0.29219512195121955,-0.8453658536585367,-0.13634146341463427
-0.008740234375000044,0.017119140625,-1.0118359375,-0.29219512195121955,-0.7234146341463417,0.046585365853658356
-0.009960937500000044,0.015654296875,-1.004267578125,-0.17024390243902454,-0.784390243902439,0.10756097560975597
-0.009472656250000044,0.018095703125,-1.001826171875,-0.23121951219512216,-0.784390243902439,0.046585365853658356
-0.013134765625000044,0.016875,-1.010126953125,-0.35317073170731716,-0.662439024390244,0.046585365853658356
-0.007275390625000044,0.0325,-1.005,-0.17024390243902454,-0.662439024390244,0.046585365853658356
-0.010449218750000044,0.021025390625,-0.998408203125,-0.17024390243902454,-0.5404878048780488,-0.07536585365853665
-0.009716796875000044,0.022001953125,-1.00939453125,-0.17024390243902454,-0.5404878048780488,-0.014390243902439037
-0.011181640625000044,0.012236328125000001,-1.000849609375,-0.10926829268292693,-0.6014634146341464,-0.07536585365853665
-0.010449218750000044,0.0198046875,-1.00890625,-0.17024390243902454,-0.6014634146341464,-0.07536585365853665
-0.010205078125000044,0.0217578125,-1.006220703125,-0.17024390243902454,-0.4185365853658538,0.046585365853658356
-0.006298828125000044,0.016875,-1.00744140625,0.012682926829268082,-0.4185365853658538,0.046585365853658356
-0.009960937500000044,0.019560546875,-1.01427734375,-0.10926829268292693,-0.4795121951219514,-0.014390243902439037
-0.008251953125000044,0.018095703125,-1.012568359375,-0.17024390243902454,-0.4795121951219514,0.046585365853658356
-0.008007812500000044,0.015654296875,-1.00939453125,-0.10926829268292693,-0.6014634146341464,-0.07536585365853665
-0.009228515625000044,0.02126953125,-1.01330078125,-0.17024390243902454,-0.662439024390244,0.10756097560975597
-0.012402343750000044,0.0178515625,-1.010126953125,-0.17024390243902454,-0.5404878048780488,-0.07536585365853665
-0.008496093750000044,0.018583984375,-1.013056640625,-0.17024390243902454,-0.7234146341463417,0.1685365853658536
-0.006298828125000044,0.01931640625,-1.01232421875,-0.29219512195121955,-0.662439024390244,-0.014390243902439037
-0.013867187500000044,0.020537109375,-1.011591796875,-0.23121951219512216,-0.662439024390244,-0.07536585365853665
-0.008984375000000044,0.014433593750000001,-1.00890625,-0.17024390243902454,-0.784390243902439,0.046585365853658356
-0.012646484375000044,0.01736328125,-1.01623046875,-0.29219512195121955,-0.7234146341463417,-0.07536585365853665
-0.012646484375000044,0.0158984375,-1.00548828125,-0.17024390243902454,-0.8453658536585367,-0.07536585365853665
-0.008251953125000044,0.02224609375,-1.004755859375,-0.23121951219512216,-0.8453658536585367,-0.07536585365853665
-0.012646484375000044,0.02322265625,-1.004267578125,-0.17024390243902454,-0.9063414634146343,-0.014390243902439037
-0.008740234375000044,0.02078125,-0.998896484375,-0.23121951219512216,-0.7234146341463417,0.046585365853658356
-0.010693359375000044,0.017119140625,-0.999384765625,-0.17024390243902454,-0.7234146341463417,-0.014390243902439037
-0.011181640625000044,0.023466796875,-0.9981640625,-0.17024390243902454,-0.784390243902439,0.10756097560975597
-0.010449218750000044,0.016142578125,-1.00548828125,-0.17024390243902454,-0.6014634146341464,-0.014390243902439037
-0.007275390625000044,0.019072265625,-0.995478515625,-0.10926829268292693,-0.7234146341463417,0.1685365853658536
-0.007763671875000044,0.015654296875,-1.0040234375,-0.23121951219512216,-0.662439024390244,0.10756097560975597
-0.011669921875000044,0.019560546875,-1.001337890625,-0.17024390243902454,-0.662439024390244,0.2295121951219512
-0.010937500000000044,0.022978515625,-1.0059765625,-0.17024390243902454,-0.662439024390244,0.2295121951219512
-0.014843750000000044,0.02126953125,-1.005244140625,-0.10926829268292693,-0.7234146341463417,0.2295121951219512
-0.012890625000000044,0.020048828125,-1.010615234375,-0.04829268292682953,-0.6014634146341464,0.3514634146341462
-0.012158203125000044,0.018095703125,-1.00744140625,-0.23121951219512216,-0.5404878048780488,0.3514634146341462
-0.007031250000000044,0.019560546875,-1.00353515625,-0.23121951219512216,-0.662439024390244,0.3514634146341462
-0.010449218750000044,0.0198046875,-1.005244140625,-0.23121951219512216,-0.6014634146341464,0.4124390243902438
-0.012158203125000044,0.019072265625,-1.010126953125,-0.10926829268292693,-0.662439024390244,0.5953658536585366
-0.010937500000000044,0.015166015625000001,-1.010615234375,-0.17024390243902454,-0.5404878048780488,0.6563414634146341
-0.015087890625000044,-0.0009472656249999989,-1.022578125,-0.10926829268292693,-0.7234146341463417,1.51
-0.009228515625000044,0.032744140625,-0.999140625,-0.29219512195121955,-0.8453658536585367,3.583170731707317
-0.013134765625000044,0.026884765625,-1.004755859375,-0.4751219512195124,-0.5404878048780488,6.570975609756098
-0.015332031250000044,0.0237109375,-1.001337890625,-0.6580487804878052,-0.4185365853658538,9.985609756097562
-0.006787109375000044,0.03884765625,-1.018916015625,-0.9629268292682929,-0.4795121951219514,14.49780487804878
-0.015332031250000044,0.03005859375,-1.022333984375,-1.3897560975609757,0.25219512195121946,20.778292682926832
-0.0036132812500000444,0.03103515625,-1.013056640625,-1.6336585365853662,-0.2965853658536586,28.461219512195125
-0.010937500000000044,0.037626953125,-1.010859375,-1.816585365853659,0.74,37.48560975609756
-0.004589843750000044,0.058134765625,-1.0196484375,-2.4873170731707326,0.74,46.93682926829268
-0.008496093750000044,0.064970703125,-0.9883984375,-3.097073170731708,1.1058536585365855,56.26609756097561
-0.008007812500000044,0.084501953125,-0.99767578125,-3.4019512195121955,1.4717073170731707,65.53439024390245
-0.008251953125000044,0.07205078125,-0.9962109375,-3.9507317073170736,2.020487804878049,74.86365853658538
-0.0033691406250000444,0.09060546875,-1.003291015625,-4.4385365853658545,2.691219512195122,83.82707317073172
0.0015136718749999556,0.110380859375,-0.996943359375,-4.987317073170733,2.8131707317073174,92.48560975609757
-0.0014160156250000444,0.126005859375,-0.99328125,-5.353170731707318,3.544878048780488,101.8758536585366
-0.006054687500000044,0.14626953125,-1.006220703125,-5.597073170731708,3.9107317073170735,112.119756097561
0.029101562499999956,0.189970703125,-0.986689453125,-6.389756097560977,4.642439024390244,124.92463414634148
0.009082031249999956,0.198759765625,-0.983759765625,-6.511707317073172,5.313170731707317,139.92463414634148
0.021044921874999956,0.249296875,-1.00255859375,-7.731219512195122,6.105853658536586,157.42463414634148
0.018847656249999956,0.248076171875,-1.018671875,-8.706829268292683,7.630243902439025,174.49780487804878
0.06767578124999996,0.329375,-0.987177734375,-8.828780487804877,7.142439024390245,190.29048780487807
0.033251953124999956,0.3127734375,-0.989130859375,-9.438536585365854,9.215609756097562,204.61975609756098
0.027148437499999956,0.356474609375,-1.03478515625,-10.962926829268293,9.337560975609756,220.10756097560977
0.07133789062499996,0.339140625,-1.00158203125,-11.57268292682927,9.032682926829269,236.14414634146343
0.10307617187499996,0.47732421875,-1.021357421875,-10.719024390243902,12.02048780487805,250.22951219512197
0.10405273437499996,0.466826171875,-0.987666015625,-12.79219512195122,10.191219512195122,262.5465853658537
0.18168945312499996,0.536650390625,-1.04552734375,-12.975121951219514,11.04487804878049,277.119756097561
0.13872070312499996,0.5295703125,-1.044794921875,-13.889756097560976,13.422926829268294,292.1807317073171
0.17607421874999996,0.528837890625,-1.009638671875,-13.645853658536586,10.618048780487806,307.6075609756098
0.26103515624999996,0.67166015625,-1.10705078125,-14.560487804878049,13.727804878048781,325.22951219512197
0.24907226562499996,0.617705078125,-0.98546875,-17.792195121951224,15.374146341463415,342.5465853658537
0.36772460937499996,0.767607421875,-1.05041015625,-16.206829268292687,10.679024390243903,358.40024390243906
0.41484374999999996,0.76736328125,-1.011591796875,-19.07268292682927,19.642439024390242,373.82707317073175
0.37675781249999996,0.936796875,-1.04650390625,-19.804390243902443,12.203414634146343,388.58317073170736
0.47246093749999996,0.8010546875,-1.027705078125,-20.414146341463418,18.118048780487804,403.03439024390246
0.47319335937499996,0.85427734375,-1.045771484375,-19.68243902439025,17.874146341463415,416.14414634146345
0.7703125,0.82400390625,-1.0284375,-21.38975609756098,11.04487804878049,429.25390243902444
0.564990234375,1.026396484375,-0.91955078125,-22.487317073170736,26.959512195121953,438.52219512195126
0.890185546875,0.900908203125,-1.104853515625,-23.523902439024393,5.679024390243903,451.93682926829274
0.7087890625,1.046904296875,-0.911494140625,-21.57268292682927,34.33756097560976,461.20512195121955
1.21416015625,0.898466796875,-1.0899609375,-24.37756097560976,3.179024390243903,476.26609756097565
0.861865234375,0.995390625,-0.961298828125,-23.09707317073171,37.63024390243903,484.8026829268293
1.121630859375,0.888212890625,-1.0274609375,-28.462926829268298,3.727804878048781,498.70512195121955
0.979052734375,1.162138671875,-0.84826171875,-28.462926829268298,42.63024390243903,506.26609756097565
1.28056640625,0.927763671875,-1.06359375,-18.462926829268294,-0.7234146341463417,519.0709756097561
1.41337890625,0.853544921875,-0.790888671875,-32.36536585365854,40.9839024390244,526.3880487804878
1.513232421875,0.676298828125,-0.988642578125,-17.54829268292683,5.74,536.0831707317074
1.507861328125,0.8108203125,-0.874384765625,-35.231219512195125,33.05707317073171,540.229512195122
1.53203125,0.813505859375,-0.939814453125,-26.38975609756098,15.740000000000002,542.2417073170732
1.682177734375,0.71072265625,-1.08751953125,-24.37756097560976,20.92292682926829,544.3148780487805
1.9158203125,0.481962890625,-0.8878125,-29.987317073170736,10.435121951219513,538.6441463414634
1.770556640625,0.37380859375,-0.790888671875,-25.414146341463418,27.32536585365854,535.5953658536586
1.80693359375,0.625517578125,-1.03234375,-25.17024390243903,8.179024390243903,528.4002439024391
1.918017578125,0.2131640625,-0.8946484375,-38.584878048780496,21.71560975609756,522.3026829268293
1.748095703125,0.368193359375,-0.985224609375,-45.17024390243903,-2.1868292682926835,518.0953658536586
1.83037109375,0.144560546875,-1.014765625,-83.88975609756099,-15.967317073170731,519.7417073170732
2.08671875,-0.265595703125,-0.78380859375,-105.41414634146342,-51.57707317073171,526.449024390244
1.9470703125,0.14578125,-0.93029296875,4.280975609756098,-15.723414634146343,527.0587804878049
1.993701171875,-0.34005859375,-0.79357421875,-32.18243902439025,15.191219512195124,538.339268292683
2.0955078125,-0.22970703125,-0.80822265625,-4.316585365853659,-3.1624390243902445,553.7051219512196
1.871142578125,-0.183076171875,-0.895869140625,-10.658048780487805,8.422926829268294,557.4246341463415
1.95390625,-0.422822265625,-0.97912109375,-19.987317073170736,3.9717073170731707,559.01
1.891162109375,-0.54318359375,-0.970087890625,-10.719024390243902,4.825365853658537,559.7417073170732
1.865771484375,-0.608125,-0.716181640625,-9.80439024390244,4.032682926829269,559.01
1.7185546875,-0.727265625,-1.0821484375,-13.219024390243904,2.9960975609756098,557.5465853658537
1.736376953125,-0.672822265625,-0.927119140625,-14.438536585365854,3.9717073170731707,553.4002439024391
1.712939453125,-0.69650390625,-0.872919921875,-12.182439024390245,3.9107317073170735,546.9368292682927
1.63310546875,-0.862275390625,-1.037470703125,-11.877560975609757,6.349756097560976,541.9368292682927
1.55888671875,-0.836640625,-1.08361328125,-7.06048780487805,0.9229268292682927,539.1319512195122
1.56083984375,-0.896455078125,-0.8868359375,-12.365365853658536,10.922926829268294,537.9124390243903
1.218310546875,-1.024384765625,-1.016474609375,-7.609268292682928,-1.4551219512195124,542.7904878048781
1.321337890625,-1.016083984375,-1.0294140625,-8.462926829268293,8.300975609756097,550.5343902439025
1.055712890625,-1.09591796875,-1.036494140625,-9.80439024390244,4.032682926829269,564.3758536585366
1.11552734375,-1.04904296875,-0.928583984375,-6.633658536585366,-1.089268292682927,581.6929268292683
0.964892578125,-1.1364453125,-0.9610546875,-8.706829268292683,8.48390243902439,597.4856097560976
0.9451171875,-1.15255859375,-0.894404296875,-7.731219512195122,-0.05268292682926834,612.4246341463415
0.555224609375,-0.914765625,-0.87755859375,-7.792195121951221,1.9595121951219514,619.2539024390244
0.6775390625,-1.03634765625,-0.97326171875,-11.084878048780489,1.2278048780487805,621.51
0.54130859375,-1.07541015625,-0.799921875,-11.51170731707317,6.105853658536586,616.2660975609757
0.47416992187499996,-0.8434765625,-0.91369140625,-7.06048780487805,-2.0039024390243902,606.51
0.30693359374999996,-0.716767578125,-0.91125,-11.51170731707317,4.215609756097561,591.5709756097561
0.36796874999999996,-0.844697265625,-0.814814453125,-14.194634146341464,2.691219512195122,577.5465853658537
0.22172851562499996,-0.827607421875,-0.8262890625,-9.682439024390245,1.2278048780487805,564.3758536585366
0.07670898437499996,-0.5016796875,-0.980341796875,-9.621463414634146,0.74,555.7173170731708
0.13310546874999996,-0.514375,-0.84142578125,-14.98731707317073,3.3619512195121954,550.1685365853659
0.07695312499999996,-0.51828125,-1.067744140625,-5.4751219512195135,2.8131707317073174,548.8270731707318
-0.028027343750000044,-0.475068359375,-1.07287109375,-10.231219512195123,5.74,550.3514634146342
0.08500976562499996,-0.21359375,-1.03771484375,5.378536585365854,22.325365853658536,552.7904878048781
0.059619140624999956,-0.286103515625,-0.857294921875,46.04926829268293,53.91073170731708,549.9246341463415
-0.21674804687500004,0.4787890625,-0.90734375,97.93951219512196,82.99609756097561,549.2539024390244
-0.10273437500000004,-0.011933593749999999,-0.9669140625,-53.4629268292683,21.532682926829267,546.8758536585366
0.09257812499999996,0.139189453125,-0.828974609375,-21.816585365853662,15.313170731707318,535.6563414634147
-0.048291015625000044,0.148955078125,-0.99865234375,-17.426341463414637,26.410731707317073,525.7782926829269
0.08305664062499996,0.2756640625,-0.86486328125,-26.023902439024393,20.43512195121951,518.0953658536586
0.044726562499999956,0.355009765625,-0.777216796875,-23.4019512195122,20.374146341463415,507.05878048780494
0.048144531249999956,0.580107421875,-0.7227734375,-26.084878048780492,25.679024390243903,501.75390243902444
0.15629882812499996,0.43875,-0.868525390625,-19.13365853658537,18.849756097560977,500.71731707317076
0.13432617187499996,0.602080078125,-1.075556640625,-21.999512195121955,27.32536585365854,501.57097560975615
0.43974609374999996,0.644072265625,-0.71740234375,-20.719024390243906,18.605853658536585,504.37585365853664
0.37504882812499996,0.68240234375,-0.7872265625,-20.59707317073171,28.666829268292684,506.69292682926834
0.38994140624999996,0.8205859375,-0.894892578125,-19.56048780487805,22.630243902439023,512.1807317073171
0.42900390624999996,0.867216796875,-0.852412109375,-17.06048780487805,27.386341463414634,518.6441463414634
0.44291992187499996,0.874541015625,-1.085322265625,-19.86536585365854,26.28878048780488,529.01
0.64921875,0.81228515625,-0.99572265625,-17.914146341463418,24.70341463414634,543.7660975609756
0.78154296875,0.851591796875,-0.89806640625,-16.938536585365856,27.50829268292683,560.9002439024391
0.91044921875,1.028349609375,-0.826044921875,-17.792195121951224,20.55707317073171,579.9856097560976
1.0681640625,0.89236328125,-1.1153515625,-19.255609756097563,24.825365853658536,599.1319512195122
1.000048828125,0.872587890625,-1.1133984375,-22.54829268292683,25.069268292682928,616.9368292682927
1.009814453125,1.05544921875,-1.060419921875,-18.28,15.313170731707318,630.5343902439025
1.057177734375,1.1965625,-1.1212109375,-23.036097560975612,27.142439024390246,639.9246341463415
1.56181640625,0.84890625,-1.22619140625,-26.572682926829273,1.593658536585366,644.9856097560976
1.548388671875,0.460478515625,-1.119013671875,-28.767804878048786,34.58146341463415,640.0465853658537
1.51201171875,0.905546875,-1.1133984375,-20.59707317073171,0.8009756097560976,629.1929268292683
1.737109375,0.634306640625,-1.2950390625,-36.08487804878049,30.618048780487808,609.2539024390244
2.04716796875,0.08328125,-0.8809765625,-34.804390243902446,15.00829268292683,594.7417073170732
1.783984375,0.64529296875,-1.066767578125,-27.18243902439025,4.9473170731707325,583.7051219512196
1.906298828125,0.321318359375,-1.040888671875,-44.74341463414635,19.27658536585366,589.8026829268293
2.077685546875,0.57546875,-0.787470703125,-31.93853658536586,12.996097560975612,611.0221951219513
1.870166015625,0.436064453125,-1.028681640625,-40.048292682926835,13.057073170731709,632.7904878048781
1.905810546875,0.314482421875,-1.0704296875,-61.20682926829269,-1.5770731707317076,653.2782926829269
2.093798828125,-0.092255859375,-0.7872265625,-92.91414634146342,-22.979512195121956,666.5100000000001
2.037890625,-0.026826171875,-0.843134765625,-44.86536585365854,-29.13804878048781,667.9124390243903
1.949267578125,-0.551484375,-0.848017578125,-22.243414634146344,22.75219512195122,674.9856097560976
1.967578125,-0.192109375,-0.851923828125,-4.194634146341464,-7.1258536585365855,684.8636585365854
1.856005859375,-0.6716015625,-0.702265625,-19.499512195121955,17.99609756097561,691.6319512195123
1.928515625,-0.681123046875,-0.847529296875,-17.670243902439026,-2.7356097560975616,703.2173170731708
1.8962890625,-0.5739453125,-0.8087109375,-17.243414634146344,8.057073170731707,706.1441463414635
1.875537109375,-0.89572265625,-1.12462890625,-10.475121951219512,-1.1502439024390245,706.2660975609757
1.866748046875,-0.709931640625,-0.81701171875,-14.499512195121953,8.48390243902439,702.9124390243903
1.58330078125,-1.1091015625,-0.988642578125,-14.621463414634148,4.093658536585366,700.9002439024391
1.40947265625,-0.835908203125,-1.02892578125,-16.755609756097563,6.349756097560976,698.4002439024391
1.3162109375,-0.9440625,-1.013544921875,-15.04829268292683,3.057073170731708,698.4002439024391
1.098193359375,-0.894990234375,-0.949580078125,-15.231219512195123,5.9229268292682935,700.6563414634147
1.0115234375,-1.042451171875,-0.780146484375,-15.901951219512197,4.093658536585366,703.2173170731708
1.076953125,-1.22482421875,-0.952509765625,-16.694634146341468,3.727804878048781,701.5709756097561
0.9119140625,-1.14767578125,-0.98888671875,-11.51170731707317,2.2643902439024393,695.0465853658537
0.50078125,-0.899140625,-1.1309765625,-10.109268292682927,0.8009756097560976,683.7660975609757
0.796923828125,-0.818818359375,-0.90587890625,-16.267804878048782,3.9107317073170735,670.3514634146342
0.723193359375,-1.00216796875,-0.991328125,-21.267804878048782,4.825365853658537,651.6319512195122
0.37724609374999996,-1.20236328125,-0.883173828125,-13.950731707317074,3.057073170731708,632.5465853658537
0.31987304687499996,-0.801728515625,-1.0762890625,-4.072682926829269,0.8009756097560976,614.2539024390244
0.12846679687499996,-0.488740234375,-0.835078125,-7.853170731707318,0.9229268292682927,598.0953658536586
0.20976562499999996,-0.61642578125,-0.94982421875,-19.56048780487805,5.983902439024391,587.119756097561
0.19121093749999996,-0.52365234375,-1.09630859375,-13.82878048780488,1.8375609756097562,582.8514634146342
0.023242187499999956,-0.345673828125,-0.828486328125,-6.267804878048781,0.313170731707317,579.7417073170732
0.07695312499999996,-0.2575390625,-1.09630859375,-14.926341463414635,4.581463414634147,578.1563414634147
0.12456054687499996,-0.23947265625,-1.02111328125,1.2321951219512195,9.215609756097562,576.7539024390244
0.07792968749999996,-0.07541015625,-0.980830078125,28.793170731707317,39.88634146341464,570.1685365853659
0.042285156249999956,-0.032685546875,-0.995234375,87.93951219512196,77.32536585365854,562.9734146341464
-0.15253906250000004,0.013945312500000001,-1.286494140625,12.75658536585366,60.43512195121952,557.4246341463415
-0.0006835937500000444,0.13064453125,-0.902216796875,-36.99951219512196,-11.516097560975611,548.2173170731708
0.09379882812499996,0.1623828125,-1.075556640625,-24.37756097560976,38.11804878048781,538.0343902439025
0.18706054687499996,0.1877734375,-1.143916015625,-25.719024390243906,4.215609756097561,535.9612195121952
-0.037792968750000044,0.378935546875,-0.89123046875,-28.3409756097561,28.910731707317073,532.4856097560976
0.32475585937499996,0.465361328125,-1.018916015625,-29.560487804878054,16.28878048780488,534.3148780487805
0.17753906249999996,0.321806640625,-1.067255859375,-26.938536585365856,16.898536585365854,537.3636585365854
0.18950195312499996,0.669462890625,-0.926142578125,-29.194634146341468,22.93512195121951,542.729512195122
0.30058593749999996,0.734404296875,-0.94787109375,-27.85317073170732,13.179024390243903,549.6807317073171
0.22416992187499996,0.755400390625,-0.942255859375,-28.767804878048786,27.569268292682928,557.1807317073171
0.44609374999999996,0.763701171875,-1.0255078125,-32.304390243902446,17.081463414634147,564.5587804878049
0.39946289062499996,0.80837890625,-0.928828125,-31.206829268292687,24.337560975609758,569.619756097561
0.709521484375,1.00662109375,-0.863642578125,-29.011707317073174,20.98390243902439,575.9002439024391
0.675830078125,1.022734375,-1.01671875,-32.670243902439026,27.142439024390246,582.8514634146342
0.769580078125,0.91677734375,-0.86876953125,-28.706829268292687,21.349756097560977,589.4368292682927
0.85283203125,0.927763671875,-0.880732421875,-29.68243902439025,27.99609756097561,597.119756097561
1.052294921875,0.925322265625,-0.850703125,-30.8409756097561,25.800975609756097,607.1807317073171
1.01689453125,0.979033203125,-0.772333984375,-30.353170731707323,23.54487804878049,618.2782926829269
1.2546875,0.93728515625,-0.92638671875,-31.755609756097563,27.081463414634147,629.7417073170732
1.482958984375,0.50271484375,-0.758662109375,-31.023902439024397,26.53268292682927,640.1075609756098
1.210009765625,1.0471484375,-0.91857421875,-27.426341463414637,20.98390243902439,646.5709756097561
1.493212890625,0.59060546875,-0.918818359375,-30.71902439024391,23.361951219512196,646.2660975609757
1.55302734375,0.892607421875,-0.909296875,-32.42634146341464,18.24,643.5221951219513
1.74296875,0.4221484375,-0.7520703125,-30.353170731707323,26.77658536585366,639.7417073170732
1.703173828125,0.584501953125,-0.9239453125,-24.255609756097563,5.800975609756098,635.4734146341464
1.77080078125,0.501982421875,-1.054072265625,-39.62146341463415,19.947317073170733,634.5587804878049
1.936083984375,0.3772265625,-0.9610546875,-36.0239024390244,11.410731707317074,637.6685365853659
1.877978515625,-0.172822265625,-0.911982421875,-57.731219512195125,0.13024390243902428,648.5831707317074
1.786181640625,0.208525390625,-0.958857421875,-93.09707317073172,-30.540487804878055,666.1441463414635
2.27373046875,-0.466767578125,-1.294306640625,-102.79219512195122,-50.540487804878055,679.8026829268293
2.033740234375,0.06033203125,-0.7784375,6.049268292682927,1.410731707317073,696.2051219512196
2.108935546875,-0.12814453125,-0.74572265625,-21.32878048780488,-2.796585365853659,710.5953658536586
1.84990234375,-0.584443359375,-0.87462890625,-20.962926829268294,7.02048780487805,721.3880487804879
1.877734375,-0.653779296875,-0.851923828125,-14.804390243902441,-6.51609756097561,729.8026829268293
1.810107421875,-0.49435546875,-0.884638671875,-18.462926829268294,7.50829268292683,732.4856097560976
1.799853515625,-0.6423046875,-0.887568359375,-17.54829268292683,-7.308780487804878,735.4124390243903
1.528125,-0.93966796875,-0.81603515625,-24.194634146341468,6.837560975609756,735.4734146341464
1.4607421875,-0.9128125,-0.89904296875,-23.158048780487807,-6.455121951219513,735.7782926829269
1.505908203125,-0.922822265625,-0.989130859375,-25.658048780487807,7.9351219512195135,735.7782926829269
1.502978515625,-1.06662109375,-0.862666015625,-22.792195121951224,-1.76,736.2051219512196
1.331103515625,-1.176240234375,-1.0704296875,-22.792195121951224,6.959512195121952,733.6441463414635
1.076708984375,-1.272431640625,-1.13927734375,-17.731219512195125,0.06926829268292678,730.1075609756098
0.867724609375,-0.946748046875,-1.128291015625,-19.194634146341468,7.386341463414635,725.229512195122
0.898486328125,-0.908173828125,-0.973505859375,-19.743414634146344,1.0448780487804878,719.9856097560976
0.738330078125,-0.894013671875,-0.98595703125,-23.950731707317075,7.630243902439025,711.3880487804879
0.631396484375,-1.08419921875,-0.986201171875,-19.743414634146344,2.6302439024390245,698.5221951219513
0.44511718749999996,-1.129365234375,-1.048212890625,-16.145853658536588,5.9229268292682935,681.5100000000001
0.49150390624999996,-0.97677734375,-1.07580078125,-10.719024390243902,3.8497560975609755,662.4246341463415
0.34135742187499996,-0.636689453125,-1.2169140625,-6.755609756097562,3.179024390243903,641.51
0.41215820312499996,-0.5954296875,-1.112177734375,-14.804390243902441,4.642439024390244,621.0221951219513
0.23784179687499996,-0.5895703125,-1.0762890625,-20.719024390243906,6.532682926829269,602.3636585365854
0.12895507812499996,-0.79708984375,-0.972041015625,-4.56048780487805,3.727804878048781,586.449024390244
0.016894531249999956,-0.385712890625,-0.914423828125,-6.9995121951219526,2.0814634146341464,574.7417073170732
-0.062207031250000044,-0.44943359375,-1.0909375,-7.182439024390244,11.349756097560977,564.8026829268293
0.07719726562499996,-0.292451171875,-1.09923828125,19.585853658536585,29.459512195121953,556.2051219512196
-0.0026367187500000444,-0.29220703125,-1.074580078125,59.89073170731708,57.26439024390245,549.9246341463415
-0.17524414062500004,0.296904296875,-0.95373046875,69.89073170731707,75.25219512195122,551.1441463414634
0.17485351562499996,0.0158984375,-1.206171875,-47.91414634146342,-8.04048780487805,548.4002439024391
-0.14472656250000004,0.1994921875,-1.01427734375,-29.255609756097567,40.252195121951225,541.9368292682927
0.06328124999999996,0.149931640625,-1.224482421875,-25.9019512195122,-2.979512195121951,543.8880487804878
0.011767578124999956,0.30642578125,-1.0430859375,-24.072682926829273,32.44731707317074,537.4246341463415
0.16508789062499996,0.452177734375,-0.9903515625,-26.999512195121955,4.093658536585366,535.0465853658537
0.12236328124999996,0.311796875,-0.90490234375,-34.68243902439025,27.75219512195122,531.7539024390244
0.20195312499999996,0.443388671875,-1.05431640625,-26.084878048780492,7.996097560975611,532.2417073170732
0.16582031249999996,0.6233203125,-1.036494140625,-31.694634146341464,25.069268292682928,533.5831707317074
0.21806640624999996,0.741484375,-0.795283203125,-32.24341463414635,11.532682926829269,539.7417073170732
0.48442382812499996,0.69607421875,-0.96935546875,-26.938536585365856,23.05707317073171,544.5587804878049
0.547412109375,0.706083984375,-0.90001953125,-32.792195121951224,18.78878048780488,554.0709756097561
0.67265625,0.8059375,-1.035029296875,-30.231219512195125,19.032682926829267,561.9978048780488
0.747607421875,0.883330078125,-0.773798828125,-31.023902439024397,24.032682926829267,572.8514634146342
0.7966796875,0.88162109375,-0.932490234375,-34.62146341463415,22.691219512195122,583.1563414634147
0.71806640625,0.8889453125,-0.953486328125,-30.292195121951224,22.93512195121951,594.01
1.018115234375,0.917509765625,-0.851435546875,-31.206829268292687,26.105853658536585,606.6319512195122
0.950244140625,0.977080078125,-0.95080078125,-33.03609756097561,25.98390243902439,619.0709756097561
1.026171875,0.923857421875,-0.928583984375,-33.828780487804885,20.679024390243903,630.0465853658537
1.317919921875,0.8303515625,-0.827509765625,-31.755609756097563,33.84975609756098,639.3148780487805
1.4890625,0.72,-0.827265625,-30.71902439024391,18.48390243902439,648.0343902439025
1.43486328125,0.764677734375,-0.953974609375,-32.548292682926835,27.020487804878048,650.5953658536586
1.578662109375,0.635771484375,-0.85216796875,-25.9019512195122,23.666829268292684,651.6929268292683
1.5974609375,0.62087890625,-0.87755859375,-39.68243902439025,29.581463414634147,649.3758536585366
1.813037109375,0.315703125,-0.860712890625,-24.68243902439025,19.337560975609755,644.5587804878049
1.688037109375,0.7209765625,-0.744990234375,-27.18243902439025,24.947317073170733,642.7904878048781
1.737109375,0.68044921875,-0.86974609375,-39.13365853658537,16.959512195121953,641.3270731707318
1.998583984375,0.17947265625,-0.85607421875,-39.37756097560976,9.76439024390244,650.7782926829269
1.84404296875,0.166533203125,-1.07482421875,-59.37756097560976,-1.8209756097560976,666.6319512195122
1.708544921875,0.46951171875,-0.81017578125,-93.5239024390244,-25.418536585365857,687.7904878048781
2.410205078125,-0.739228515625,-1.1466015625,-106.1458536585366,-51.942926829268295,707.2417073170732
1.875048828125,0.15701171875,-0.76330078125,4.341951219512195,-1.9429268292682929,721.7539024390245
1.907275390625,-0.24533203125,-0.779169921875,-22.06048780487805,-2.979512195121951,733.339268292683
1.881396484375,-0.3630078125,-0.99376953125,-24.499512195121955,5.496097560975611,738.7660975609757
1.94609375,-0.470185546875,-0.72521484375,-15.719024390243904,-6.881951219512196,736.8148780487805
1.836474609375,-0.79904296875,-0.914912109375,-16.206829268292687,4.398536585365854,734.619756097561
1.697314453125,-0.639619140625,-0.873896484375,-19.377560975609757,-6.27219512195122,735.1075609756098
1.6111328125,-0.949677734375,-0.94689453125,-22.975121951219517,5.191219512195122,731.8148780487805
1.6013671875,-0.739716796875,-1.01916015625,-21.63365853658537,-4.442926829268293,728.5221951219513
1.160693359375,-1.1149609375,-0.961298828125,-21.63365853658537,6.776585365853659,719.1929268292683
1.305224609375,-1.06125,-1.110224609375,-18.645853658536588,-1.1502439024390245,713.4612195121952
1.24150390625,-0.990693359375,-1.124873046875,-21.511707317073174,8.422926829268294,707.1807317073171
1.044970703125,-1.2262890625,-1.03185546875,-14.499512195121953,-0.4795121951219514,705.2904878048781
0.894580078125,-0.951142578125,-1.173212890625,-14.743414634146342,5.983902439024391,703.8880487804879
0.946337890625,-0.9919140625,-1.0528515625,-14.31658536585366,2.2643902439024393,700.9612195121952
0.808642578125,-0.94162109375,-0.845576171875,-18.219024390243906,5.861951219512195,692.1807317073171
0.69853515625,-0.9801953125,-1.0098828125,-20.719024390243906,3.9107317073170735,678.4612195121952
0.608447265625,-1.027802734375,-0.803828125,-18.584878048780492,6.105853658536586,659.4368292682927
0.46416015624999996,-1.06125,-1.0440625,-10.231219512195123,4.337560975609756,637.6075609756098
0.40239257812499996,-0.917451171875,-1.076044921875,-3.2800000000000002,1.0448780487804878,614.2539024390244
0.14897460937499996,-0.653291015625,-1.09728515625,-11.877560975609757,2.9960975609756098,588.6441463414635
0.28203124999999996,-0.72287109375,-1.038935546875,-20.04829268292683,5.496097560975611,569.8636585365854
0.13090820312499996,-0.444794921875,-0.920283203125,-8.889756097560976,2.2643902439024393,555.3514634146342
0.033984374999999956,-0.49875,-0.963251953125,-6.694634146341465,-0.784390243902439,542.3026829268293
0.056445312499999956,-0.533173828125,-0.78771484375,-13.889756097560976,3.118048780487805,535.3514634146342
0.09306640624999996,-0.43185546875,-1.062861328125,-5.840975609756098,3.3009756097560974,528.5221951219512
0.06523437499999996,-0.311005859375,-1.119990234375,11.171219512195123,23.48390243902439,519.3758536585366
0.06743164062499996,-0.168671875,-1.046259765625,57.75658536585366,58.4229268292683,506.63195121951225
-0.29194335937500004,0.456083984375,-0.8360546875,99.03707317073172,82.69121951219512,500.29048780487807
0.16679687499999996,-0.29953125,-1.092890625,-56.69463414634147,2.0814634146341464,493.15634146341466
-0.11225585937500004,0.05203125,-1.084345703125,-18.158048780487807,26.28878048780488,483.21731707317076
0.044238281249999956,0.144072265625,-1.02501953125,-20.8409756097561,6.776585365853659,477.2417073170732
0.038378906249999956,0.292265625,-0.8946484375,-23.584878048780492,25.92292682926829,467.4856097560976
0.13896484374999996,0.480498046875,-1.0704296875,-25.04829268292683,7.203414634146342,460.83926829268296
0.042041015624999956,0.327421875,-0.96984375,-24.316585365853662,22.813170731707316,455.35146341463417
0.13676757812499996,0.50515625,-0.877802734375,-21.694634146341468,7.691219512195123,454.43682926829274
0.23466796874999996,0.54275390625,-1.07482421875,-25.17024390243903,22.325365853658536,456.51000000000005
0.16386718749999996,0.6545703125,-0.939814453125,-22.914146341463418,13.48390243902439,462.72951219512197
0.24760742187499996,0.599638671875,-0.934931640625,-26.145853658536588,19.27658536585366,471.81487804878054
0.38774414062499996,0.86697265625,-0.823603515625,-22.426341463414637,16.28878048780488,481.44902439024395
0.36235351562499996,0.749052734375,-0.948115234375,-26.084878048780492,19.886341463414634,493.15634146341466
0.532763671875,0.87234375,-0.923701171875,-24.499512195121955,20.130243902439023,505.90024390243906
0.528857421875,0.882109375,-0.86681640625,-26.267804878048786,23.48390243902439,520.1075609756098
0.606982421875,0.994658203125,-0.869990234375,-26.755609756097563,20.25219512195122,534.9856097560976
0.79130859375,0.934111328125,-0.940546875,-25.962926829268298,25.130243902439023,550.7782926829269
0.82255859375,1.034697265625,-0.9083203125,-26.450731707317075,23.97170731707317,568.0953658536586
0.97587890625,0.8537890625,-0.88048828125,-25.231219512195125,23.48390243902439,586.8758536585366
1.073291015625,0.8713671875,-0.78185546875,-26.816585365853662,27.691219512195122,605.9612195121952
1.11162109375,0.845244140625,-0.817744140625,-26.267804878048786,21.593658536585366,620.5343902439025
1.1990234375,0.9963671875,-1.07482421875,-25.536097560975612,22.325365853658536,631.5709756097561
1.562060546875,0.77224609375,-0.81701171875,-30.475121951219514,26.593658536585366,639.619756097561
1.554248046875,0.63015625,-0.894404296875,-27.243414634146344,16.04487804878049,644.9856097560976
1.604052734375,0.74294921875,-0.89416015625,-20.35317073170732,26.166829268292684,651.0831707317074
1.714892578125,0.5920703125,-0.988642578125,-29.987317073170736,18.300975609756097,658.6441463414635
1.90361328125,0.443388671875,-0.90685546875,-33.15804878048781,27.26439024390244,669.4368292682927
1.770556640625,0.3264453125,-0.97814453125,-26.755609756097563,18.78878048780488,683.7660975609757
1.77958984375,0.57888671875,-0.988642578125,-31.99951219512196,9.703414634146343,695.5953658536586
2.090869140625,0.340849609375,-0.840693359375,-45.59707317073171,10.98390243902439,709.4368292682927
1.757861328125,0.532255859375,-1.01037109375,-73.15804878048782,-2.857560975609757,721.2051219512196
1.776904296875,0.296416015625,-0.8712109375,-111.69463414634147,-40.05268292682927,736.8758536585366
2.066455078125,-0.366181640625,-1.197138671875,-68.95073170731708,-58.52829268292683,738.2173170731708
1.77568359375,-0.387421875,-0.84484375,-14.133658536585367,22.142439024390246,748.0343902439025
2.0251953125,-0.559296875,-0.878046875,-10.170243902439024,-21.8209756097561,755.6563414634147
1.95390625,-0.4216015625,-0.8048046875,-27.54829268292683,17.50829268292683,756.449024390244
1.97978515625,-0.4430859375,-1.002314453125,-17.36536585365854,-16.455121951219514,758.4612195121952
1.953662109375,-0.463349609375,-0.987666015625,-22.731219512195125,13.361951219512196,753.8270731707318
1.835498046875,-0.749482421875,-0.94494140625,-15.840975609756098,-9.077073170731708,749.5587804878049
1.55302734375,-0.88693359375,-1.213984375,-23.036097560975612,10.98390243902439,739.3148780487805
1.291552734375,-1.040498046875,-1.085322265625,-17.36536585365854,-3.0404878048780493,733.7051219512196
1.163623046875,-1.020966796875,-1.18078125,-18.523902439024393,8.727804878048781,727.2417073170732
1.273486328125,-1.1110546875,-1.024775390625,-13.645853658536586,0.313170731707317,726.449024390244
1.170703125,-1.09689453125,-1.063349609375,-13.462926829268293,5.679024390243903,723.7051219512196
1.092822265625,-0.987763671875,-1.03283203125,-11.999512195121952,3.544878048780488,721.2051219512196
0.99150390625,-0.831025390625,-0.92345703125,-14.560487804878049,2.5082926829268297,716.2051219512196
0.651904296875,-0.90646484375,-1.037958984375,-16.999512195121955,5.861951219512195,704.6807317073171
0.621875,-1.038056640625,-1.001826171875,-17.60926829268293,0.313170731707317,689.9856097560976
0.48686523437499996,-0.999970703125,-1.00353515625,-16.206829268292687,8.300975609756097,670.839268292683
0.35820312499999996,-1.165009765625,-0.974970703125,-7.182439024390244,-0.662439024390244,651.8148780487805
0.29252929687499996,-0.91525390625,-1.05724609375,-1.9385365853658538,2.5082926829268297,632.6075609756098
0.08378906249999996,-0.612275390625,-1.06994140625,-11.206829268292683,0.313170731707317,614.3758536585366
0.16972656249999996,-0.49484375,-1.0196484375,-19.499512195121955,5.130243902439025,599.9246341463415
0.10087890624999996,-0.513154296875,-0.994013671875,-10.780000000000001,0.06926829268292678,590.2904878048781
0.11821289062499996,-0.45138671875,-0.92638671875,-6.389756097560977,-2.1258536585365855,581.6929268292683
0.09941406249999996,-0.418427734375,-0.87853515625,-13.340975609756098,2.8131707317073174,575.3514634146342
0.054492187499999956,-0.362763671875,-1.108515625,0.5004878048780486,10.374146341463415,568.4002439024391
0.07255859374999996,-0.360322265625,-1.014033203125,27.634634146341465,40.313170731707324,556.449024390244
0.07719726562499996,-0.056611328125,-1.05138671875,87.93951219512196,73.78878048780489,547.6685365853659
-0.08759765625000004,0.1955859375,-0.7950390625,17.817560975609755,60.252195121951225,543.5831707317074
0.16533203124999996,0.1994921875,-0.9356640625,-44.19463414634147,-18.58926829268293,537.4856097560976
-0.11445312500000004,0.332548828125,-1.237177734375,-15.414146341463416,44.58146341463415,529.4978048780488
0.17485351562499996,0.1936328125,-0.982783203125,-31.755609756097563,1.8375609756097562,527.9124390243903
0.008837890624999956,0.36697265625,-0.948359375,-25.414146341463418,29.82536585365854,520.1075609756098
0.22294921874999996,0.436552734375,-1.02404296875,-26.38975609756098,8.057073170731707,517.8514634146342
0.08745117187499996,0.550322265625,-0.980341796875,-24.865365853658542,23.849756097560977,516.7539024390244
0.13530273437499996,0.478544921875,-1.0079296875,-30.71902439024391,15.618048780487806,520.9612195121952
0.24077148437499996,0.649443359375,-0.890986328125,-25.8409756097561,18.72780487804878,527.0587804878049
0.37626953124999996,0.8088671875,-0.936640625,-29.316585365853662,22.874146341463415,538.2173170731708
0.35795898437499996,0.581328125,-0.980341796875,-31.633658536585372,16.959512195121953,551.8148780487805
0.47880859374999996,0.80447265625,-1.079462890625,-28.767804878048786,21.77658536585366,566.2660975609756
0.557421875,0.893095703125,-1.051142578125,-30.536097560975612,21.77658536585366,581.2660975609756
0.525439453125,0.910673828125,-0.85265625,-32.97512195121951,23.849756097560977,595.7782926829269
0.886279296875,0.96951171875,-1.050166015625,-32.36536585365854,23.48390243902439,611.51
1.039599609375,0.858916015625,-0.987177734375,-34.13365853658537,30.069268292682928,625.2904878048781
0.9001953125,1.108671875,-0.824580078125,-34.011707317073174,20.25219512195122,638.8270731707318
1.0056640625,1.03787109375,-1.019404296875,-33.15804878048781,31.837560975609758,650.0465853658537
1.2498046875,0.989775390625,-0.918330078125,-36.69463414634147,21.22780487804878,661.8758536585366
1.392626953125,0.7873828125,-0.7618359375,-35.78,35.37414634146342,670.2904878048781
1.572802734375,0.803740234375,-0.9180859375,-33.09707317073171,15.8009756097561,676.7539024390244
1.58623046875,0.509306640625,-0.929072265625,-31.511707317073174,35.9839024390244,678.6441463414635
1.682666015625,0.5002734375,-0.953974609375,-33.70682926829269,18.78878048780488,681.449024390244
1.76298828125,0.533232421875,-0.866328125,-38.828780487804885,32.99609756097561,682.8514634146342
1.848681640625,0.3381640625,-0.92541015625,-17.304390243902443,20.374146341463415,684.0100000000001
1.866259765625,0.254912109375,-0.9180859375,-41.93853658536586,28.179024390243903,689.4368292682927
1.93193359375,0.26443359375,-0.89708984375,-47.12146341463415,6.959512195121952,699.0709756097561
1.91630859375,0.113310546875,-0.810908203125,-81.32878048780489,-2.0039024390243902,721.1441463414635
1.87724609375,-0.129365234375,-0.8829296875,-112.42634146341464,-41.51609756097561,745.6563414634147
2.12626953125,-0.020478515625,-0.746943359375,-56.0239024390244,-47.24780487804878,756.1441463414635
1.950244140625,-0.371796875,-0.71642578125,-19.804390243902443,23.78878048780488,768.0343902439025
2.08232421875,-0.3415234375,-0.77990234375,-7.853170731707318,-17.491707317073175,774.3758536585367
1.851611328125,-0.4333203125,-0.9493359375,-21.267804878048782,15.191219512195124,774.4368292682927
1.850390625,-0.567109375,-0.936396484375,-18.88975609756098,-10.235609756097562,772.729512195122
1.9353515625,-0.607392578125,-0.8516796875,-22.731219512195125,12.50829268292683,771.2051219512196
1.69365234375,-0.77853515625,-1.051630859375,-16.38975609756098,-7.918536585365855,771.5709756097561
1.7146484375,-0.63791015625,-0.98205078125,-20.475121951219514,9.398536585365855,767.4856097560976
1.400927734375,-0.870087890625,-0.96935546875,-18.036097560975612,-0.17463414634146346,764.4368292682927
1.229296875,-0.92404296875,-0.835078125,-21.206829268292687,7.4473170731707325,759.9246341463415
0.924365234375,-1.094697265625,-0.93859375,-17.670243902439026,1.4717073170731707,756.2051219512196
0.980029296875,-1.056611328125,-0.996455078125,-16.38975609756098,3.7887804878048783,750.839268292683
0.90703125,-1.13302734375,-0.867548828125,-18.4019512195122,5.74,741.3880487804879
0.850634765625,-1.055146484375,-1.03185546875,-18.645853658536588,3.118048780487805,731.9368292682927
0.74833984375,-0.95431640625,-0.94982421875,-16.32878048780488,5.00829268292683,719.4978048780488
0.608203125,-0.686005859375,-1.0762890625,-17.426341463414637,1.9595121951219514,703.7051219512196
0.5671875,-0.7565625,-0.92833984375,-18.645853658536588,7.02048780487805,684.4978048780488
0.35258789062499996,-0.834931640625,-1.0098828125,-16.938536585365856,1.166829268292683,665.4734146341464
0.36748046874999996,-0.7926953125,-0.989375,-16.999512195121955,6.471707317073172,648.1563414634147
0.21171874999999996,-0.563203125,-0.907099609375,-10.170243902439024,3.179024390243903,633.1563414634147
0.07695312499999996,-0.545625,-1.011103515625,-6.145853658536586,3.666829268292683,620.4734146341464
0.08281249999999996,-0.454072265625,-1.038935546875,-17.731219512195125,10.313170731707318,609.619756097561
0.09550781249999996,-0.182099609375,-1.118525390625,-7.609268292682928,9.215609756097562,602.7904878048781
0.10502929687499996,-0.37765625,-0.9102734375,5.378536585365854,22.93512195121951,597.4246341463415
0.040576171874999956,-0.1911328125,-0.974482421875,38.54926829268293,50.43512195121952,585.9612195121952
-0.006298828125000044,0.182646484375,-0.97619140625,96.59804878048782,81.89853658536586,578.7660975609756
-0.14057617187500004,-0.09787109375,-0.952265625,-32.487317073170736,40.8619512195122,571.6319512195122
-0.015576171875000044,0.1487109375,-0.988642578125,-20.10926829268293,6.593658536585367,558.8270731707318
0.037890624999999956,0.268583984375,-1.055048828125,-27.12146341463415,28.240000000000002,546.449024390244
0.09550781249999996,0.2209765625,-1.1739453125,-29.011707317073174,20.861951219512196,539.01
0.12211914062499996,0.510283203125,-0.74279296875,-22.487317073170736,20.25219512195122,531.2660975609756
0.044482421874999956,0.371123046875,-1.049677734375,-27.54829268292683,23.300975609756097,525.5343902439025
0.17705078124999996,0.54080078125,-0.897333984375,-24.194634146341468,16.959512195121953,522.729512195122
0.18120117187499996,0.59841796875,-1.03185546875,-29.438536585365856,27.813170731707316,518.1563414634147
0.24687499999999996,0.584013671875,-0.88390625,-25.04829268292683,14.154634146341465,517.6685365853659
0.25053710937499996,0.758330078125,-0.95470703125,-23.219024390243906,28.422926829268295,516.6929268292683
0.44731445312499996,0.561796875,-0.946162109375,-25.719024390243906,15.8009756097561,518.339268292683
0.25371093749999996,0.87625,-0.993037109375,-24.438536585365856,25.679024390243903,521.0831707317074
0.603564453125,0.893828125,-1.06701171875,-26.084878048780492,19.70341463414634,525.839268292683
0.543017578125,0.99978515625,-0.8341015625,-26.206829268292687,24.27658536585366,532.119756097561
0.768115234375,1.005888671875,-0.925654296875,-23.036097560975612,20.55707317073171,540.6563414634147
0.885791015625,0.7600390625,-1.020625,-26.32878048780488,23.42292682926829,550.5953658536586
1.146044921875,0.839873046875,-1.059931640625,-26.38975609756098,19.76439024390244,560.839268292683
1.21416015625,0.90310546875,-0.85900390625,-25.9019512195122,28.05707317073171,569.8636585365854
1.362841796875,0.858916015625,-0.86876953125,-27.12146341463415,13.849756097560977,577.4856097560976
1.3142578125,0.897978515625,-1.1173046875,-27.12146341463415,27.630243902439027,582.9734146341464
1.4421875,0.91384765625,-0.903681640625,-27.975121951219517,15.252195121951221,585.5953658536586
1.4490234375,0.80984375,-0.86974609375,-25.35317073170732,30.49609756097561,584.4368292682927
1.59990234375,0.90115234375,-1.059443359375,-24.13365853658537,12.630243902439025,584.4978048780488
1.71904296875,0.61599609375,-0.9180859375,-29.865365853658542,31.715609756097564,581.2051219512196
1.650927734375,0.854033203125,-0.911982421875,-20.536097560975612,14.154634146341465,580.9612195121952
1.831591796875,0.42068359375,-1.081416015625,-31.389756097560976,24.642439024390246,579.1929268292683
1.6580078125,0.5705859375,-0.94005859375,-20.414146341463418,22.447317073170733,581.2660975609756
1.734912109375,0.6760546875,-0.834833984375,-25.8409756097561,15.740000000000002,588.339268292683
1.8611328125,0.3362109375,-1.04357421875,-45.53609756097561,13.361951219512196,600.9002439024391
1.799609375,0.63015625,-0.812373046875,-59.62146341463415,-2.430731707317073,617.2417073170732
1.86064453125,-0.099091796875,-0.95080078125,-91.1458536585366,-25.784390243902443,632.3636585365854
2.3357421875,-0.624970703125,-1.281123046875,-110.23121951219514,-57.36975609756098,639.619756097561
1.99443359375,-0.192109375,-0.675166015625,2.5126829268292683,3.4839024390243907,642.1807317073171
1.9509765625,-0.12326171875,-1.058955078125,-18.09707317073171,-3.894146341463415,649.4978048780488
2.014697265625,-0.28732421875,-0.852900390625,-17.60926829268293,10.557073170731709,650.229512195122
1.973681640625,-0.513642578125,-0.951533203125,-9.316585365853658,-6.760000000000001,655.5343902439025
1.91826171875,-0.42013671875,-1.0001171875,-16.511707317073174,12.874146341463415,655.6563414634147
1.784228515625,-0.77853515625,-0.850703125,-15.53609756097561,-6.699024390243903,661.5100000000001
1.566943359375,-0.843720703125,-1.0841015625,-18.4019512195122,13.54487804878049,664.619756097561
1.678515625,-0.7555859375,-0.81994140625,-10.231219512195123,-4.50390243902439,671.2660975609757
1.533251953125,-0.950166015625,-0.789423828125,-15.04829268292683,12.142439024390246,674.5587804878049
1.338671875,-1.013642578125,-0.9883984375,-12.426341463414635,-3.833170731707317,679.8026829268293
1.30546875,-0.88791015625,-0.888544921875,-18.036097560975612,10.74,681.9978048780488
1.22099609375,-1.13107421875,-0.94640625,-15.170243902439024,0.5570731707317073,683.4612195121952
1.1404296875,-1.2204296875,-0.81505859375,-15.353170731707317,8.300975609756097,681.9368292682927
1.0857421875,-0.941865234375,-1.064326171875,-11.206829268292683,0.8619512195121951,675.5343902439025
0.6150390625,-0.949189453125,-0.814326171875,-12.060487804878049,4.154634146341464,660.229512195122
0.740283203125,-0.956025390625,-0.93712890625,-15.962926829268293,3.7887804878048783,640.1075609756098
0.717822265625,-1.098115234375,-0.874873046875,-19.316585365853662,5.618048780487806,613.5831707317074
0.704150390625,-0.965546875,-0.968134765625,-15.475121951219512,5.618048780487806,583.5831707317074
0.34379882812499996,-0.758515625,-0.9903515625,-6.9995121951219526,0.8619512195121951,551.3880487804878
0.45927734374999996,-0.72140625,-1.04455078125,-11.694634146341464,3.8497560975609755,521.51
0.37456054687499996,-0.82052734375,-1.02013671875,-13.462926829268293,6.288780487804878,496.87585365853664
0.26469726562499996,-0.674287109375,-0.909296875,-10.597073170731708,-2.1868292682926835,475.16853658536587
0.28496093749999996,-0.584443359375,-0.949091796875,-12.609268292682927,7.203414634146342,457.72951219512197
0.19682617187499996,-0.549287109375,-0.930048828125,-9.499512195121952,-1.2112195121951221,436.20512195121955
0.24003906249999996,-0.690888671875,-1.006708984375,-10.53609756097561,2.4473170731707317,411.14414634146345
0.040087890624999956,-0.560517578125,-0.953974609375,-8.950731707317074,3.057073170731708,381.32707317073175
0.16557617187499996,-0.546357421875,-0.991328125,-7.182439024390244,-0.3575609756097562,353.15634146341466
0.0015136718749999556,-0.38205078125,-0.975947265625,-7.853170731707318,4.276585365853659,324.6807317073171
0.041064453124999956,-0.32052734375,-0.942744140625,-2.79219512195122,4.032682926829269,301.6929268292683
0.056201171874999956,-0.271455078125,-0.971796875,5.927317073170732,12.50829268292683,277.97341463414637
0.043261718749999956,-0.31076171875,-0.896357421875,34.70780487804878,40.191219512195126,249.92463414634148
0.031787109374999956,-0.321259765625,-0.981318359375,84.4029268292683,67.75219512195122,225.10756097560977
-0.20576171875000004,0.011015625000000001,-1.2091015625,58.61024390243903,56.471707317073175,206.57097560975612
0.11040039062499996,-0.231171875,-1.122919921875,-33.828780487804885,-28.528292682926832,188.09536585365854
-0.06953125000000004,-0.15255859375,-0.97912109375,-3.3409756097560983,28.240000000000002,164.49780487804878
0.039599609374999956,-0.160859375,-1.052607421875,-7.365365853658537,-5.357560975609756,148.9490243902439
-0.042431640625000044,-0.071015625,-1.0596875,-1.5726829268292686,8.605853658536585,132.97341463414634
0.0012695312499999556,0.003203125000000001,-1.012568359375,-7.121463414634147,-2.796585365853659,119.1929268292683
-0.018750000000000044,-0.06955078125,-1.09923828125,-8.584878048780489,5.618048780487806,102.91243902439025
-0.0011718750000000444,-0.043916015625,-0.993037109375,-4.255609756097562,-3.5892682926829274,88.64414634146343
-0.027050781250000044,-0.019501953125,-1.0284375,-3.219024390243903,0.9229268292682927,75.22951219512196
-0.012646484375000044,-0.015595703124999999,-1.015498046875,-3.9507317073170736,-2.491707317073171,64.68073170731708
-0.014843750000000044,-0.008027343749999999,-0.996943359375,-3.5848780487804888,-1.6380487804878052,54.192926829268295
-0.015332031250000044,0.011748046875000001,-0.9815625,-2.5482926829268298,-2.5526829268292683,43.27829268292683
-0.026806640625000044,0.020537109375,-0.988642578125,-0.9019512195121953,-3.406341463414634,33.03439024390244
-0.0023925781250000444,0.03298828125,-0.990595703125,-1.3897560975609757,-2.857560975609757,23.522195121951224
0.004199218749999956,0.023466796875,-0.967158203125,-1.267804878048781,-4.442926829268293,14.436829268292684
-0.031201171875000044,0.0012500000000000011,-0.99572265625,-0.8409756097560976,-3.0404878048780493,5.961219512195122
-0.014843750000000044,0.034697265625,-0.956904296875,-0.29219512195121955,-4.6258536585365855,-1.477804878048781
-0.008007812500000044,0.022978515625,-0.977900390625,0.1346341463414633,-3.6502439024390245,-6.355853658536586
0.0002929687499999556,0.0237109375,-0.969599609375,-0.29219512195121955,-4.1380487804878054,-10.746097560975612
-0.013134765625000044,0.017607421875,-0.956904296875,0.19560975609756093,-3.833170731707317,-14.953414634146343
-0.022900390625000044,0.007597656250000001,-0.952021484375,0.5614634146341462,-3.833170731707317,-18.30707317073171
-0.0028808593750000444,0.0010058593750000011,-0.932734375,0.37853658536585355,-3.833170731707317,-20.80707317073171
-0.005322265625000044,0.011992187500000001,-0.952509765625,0.9882926829268291,-3.284390243902439,-22.941219512195122
-0.012646484375000044,2.929687500000111e-05,-0.930537109375,0.9882926829268291,-2.979512195121951,-24.46560975609756
-0.018505859375000044,-0.002412109374999999,-0.938349609375,1.1102439024390243,-2.5526829268292683,-25.197317073170733
-0.005078125000000044,-0.002167968749999999,-0.944208984375,1.4151219512195121,-2.369756097560976,-25.50219512195122
-0.008740234375000044,-0.009980468749999999,-0.9610546875,1.4760975609756097,-1.8819512195121952,-24.709512195121953
-0.022412109375000044,-0.003876953124999999,-0.93859375,1.4151219512195121,-1.5770731707317076,-22.880243902439023
-0.026806640625000044,-0.0212109375,-0.952509765625,0.7443902439024389,-1.0282926829268295,-20.624146341463415
-0.0023925781250000444,-0.025361328125,-0.9659375,0.6224390243902438,-0.9063414634146343,-18.67292682926829
-0.005810546875000044,-0.016328125,-0.958857421875,0.866341463414634,-0.4795121951219514,-17.087560975609755
-0.026318359375000044,-0.035859375,-0.955927734375,0.6834146341463414,0.3741463414634146,-15.25829268292683
-0.026806640625000044,-0.032685546875,-0.933955078125,0.37853658536585355,-0.4795121951219514,-12.148536585365855
-0.009472656250000044,-0.028291015625,-0.979609375,0.012682926829268082,0.9839024390243902,-8.368048780487806
-0.0004394531250000444,-0.022919921875,-0.959345703125,0.31756097560975594,0.43512195121951214,-3.916829268292684
-0.016552734375000044,-0.028779296875,-0.98009765625,0.19560975609756093,1.410731707317073,-0.13634146341463427
-0.015820312500000044,-0.031708984375,-0.992060546875,-0.23121951219512216,1.3497560975609757,1.8758536585365855
-0.011425781250000044,-0.03146484375,-0.98107421875,0.012682926829268082,1.410731707317073,1.0221951219512195
-0.012890625000000044,-0.025849609375,-0.97912109375,-0.10926829268292693,1.410731707317073,0.046585365853658356
-0.010693359375000044,-0.035859375,-0.99376953125,-0.17024390243902454,1.4717073170731707,0.5953658536585366
-0.028271484375000044,-0.031220703125,-0.98888671875,-0.04829268292682953,1.8375609756097562,0.6563414634146341
-0.006542968750000044,-0.02267578125,-0.975947265625,0.0736585365853657,0.49609756097560975,-0.07536585365853665
-0.013623046875000044,-0.023896484375,-0.9669140625,-0.29219512195121955,2.2034146341463416,-0.5631707317073171
-0.013378906250000044,-0.028291015625,-0.99376953125,-0.35317073170731716,1.0448780487804878,-0.3802439024390245
-0.017529296875000044,-0.04416015625,-0.9766796875,-0.4141463414634148,2.2643902439024393,-0.4412195121951221
-0.008007812500000044,-0.026337890625,-0.955927734375,0.012682926829268082,1.166829268292683,-0.3192682926829269
-0.010693359375000044,-0.035859375,-0.962763671875,-0.10926829268292693,2.2643902439024393,-0.07536585365853665
-0.017529296875000044,-0.04220703125,-0.982783203125,-0.23121951219512216,2.2643902439024393,0.1685365853658536
-0.011425781250000044,-0.02658203125,-0.985712890625,0.2565853658536583,2.2034146341463416,0.046585365853658356
-0.005322265625000044,-0.024873046875,-0.979609375,0.31756097560975594,2.4473170731707317,-0.07536585365853665
-0.0036132812500000444,-0.019013671875,-0.982294921875,0.19560975609756093,2.3253658536585364,-0.13634146341463427
-0.014355468750000044,-0.035859375,-0.999873046875,-0.04829268292682953,2.8741463414634145,-0.2582926829268295
-0.015576171875000044,-0.028046875,-0.99181640625,0.012682926829268082,2.7521951219512193,-0.3802439024390245
-0.019726562500000044,-0.047333984375,-1.0059765625,-0.04829268292682953,2.8131707317073174,-0.2582926829268295
-0.012402343750000044,-0.03244140625,-1.014765625,0.5004878048780486,2.5082926829268297,-0.13634146341463427
-0.017041015625000044,-0.029755859375,-1.001826171875,0.6834146341463414,2.2643902439024393,-0.07536585365853665
-0.012402343750000044,-0.02072265625,-0.97375,0.2565853658536583,2.5082926829268297,0.1685365853658536
-0.015087890625000044,-0.02169921875,-0.996943359375,-0.29219512195121955,2.6302439024390245,0.10756097560975597
-0.017529296875000044,-0.02658203125,-1.032099609375,-0.35317073170731716,2.7521951219512193,-0.13634146341463427
0.0002929687499999556,-0.034150390625,-1.005,0.0736585365853657,2.3253658536585364,-0.3802439024390245
-0.007763671875000044,-0.037080078125,-0.960078125,0.2565853658536583,2.2034146341463416,-0.4412195121951221
-0.025341796875000044,-0.02951171875,-0.983759765625,-0.17024390243902454,2.7521951219512193,-0.2582926829268295
-0.024609375000000044,-0.040986328125,-1.03576171875,-0.17024390243902454,3.057073170731708,-0.014390243902439037
-0.007275390625000044,-0.026826171875,-1.003291015625,0.31756097560975594,2.3253658536585364,-0.07536585365853665
0.0012695312499999556,-0.0290234375,-0.981318359375,0.5614634146341462,2.4473170731707317,-0.07536585365853665
-0.014599609375000044,-0.029267578125,-1.00744140625,0.19560975609756093,2.9351219512195126,-0.2582926829268295
-0.025341796875000044,-0.039521484375,-1.030390625,0.1346341463414633,2.9351219512195126,-0.19731707317073188
-0.014599609375000044,-0.025361328125,-1.014521484375,0.5614634146341462,2.4473170731707317,0.046585365853658356
-0.0021484375000000444,-0.017548828125,-1.0079296875,0.5614634146341462,2.3863414634146345,0.046585365853658356
-0.007275390625000044,-0.0407421875,-1.032099609375,0.19560975609756093,2.5082926829268297,-0.2582926829268295
-0.025585937500000044,-0.040009765625,-1.041376953125,0.37853658536585355,2.569268292682927,-0.3192682926829269
-0.022900390625000044,-0.037080078125,-1.0255078125,0.6224390243902438,1.8375609756097562,-0.07536585365853665
-0.010693359375000044,-0.027314453125,-1.017451171875,0.37853658536585355,1.7156097560975612,0.10756097560975597
-0.008496093750000044,-0.028291015625,-1.04796875,0.0736585365853657,1.7765853658536586,0.046585365853658356
-0.010693359375000044,-0.02853515625,-1.0508984375,-0.17024390243902454,1.4717073170731707,-0.19731707317073188
-0.009716796875000044,-0.0231640625,-1.032587890625,0.012682926829268082,0.9839024390243902,-0.13634146341463427
-0.012890625000000044,-0.028291015625,-1.03234375,-0.04829268292682953,0.74,-0.07536585365853665
-0.018017578125000044,-0.03830078125,-1.053095703125,-0.35317073170731716,0.8009756097560976,-0.07536585365853665
-0.018261718750000044,-0.04123046875,-1.053828125,-0.17024390243902454,0.13024390243902428,-0.13634146341463427
-0.009472656250000044,-0.031708984375,-1.025263671875,-0.10926829268292693,-0.2965853658536586,-0.19731707317073188
-0.014111328125000044,-0.035126953125,-1.03185546875,-0.10926829268292693,-0.17463414634146346,-0.014390243902439037
-0.018750000000000044,-0.03,-1.04796875,-0.10926829268292693,-0.3575609756097562,0.1685365853658536
-0.015820312500000044,-0.030732421875,-1.03185546875,-0.10926829268292693,-0.9673170731707319,0.10756097560975597
-0.010693359375000044,-0.024384765625,-1.01330078125,-0.23121951219512216,-1.2721951219512195,0.046585365853658356
-0.012158203125000044,-0.032685546875,-1.031123046875,-0.4751219512195124,-0.9673170731707319,0.10756097560975597
-0.017773437500000044,-0.037568359375,-1.0372265625,-0.53609756097561,-1.2112195121951221,-0.07536585365853665
-0.010449218750000044,-0.0290234375,-1.014033203125,-0.29219512195121955,-1.6380487804878052,0.046585365853658356
-0.010937500000000044,-0.0309765625,-1.015986328125,-0.29219512195121955,-1.6990243902439028,0.10756097560975597
-0.012402343750000044,-0.0309765625,-1.030390625,-0.23121951219512216,-1.6380487804878052,0.046585365853658356
-0.017529296875000044,-0.034638671875,-1.02990234375,-0.17024390243902454,-1.76,0.10756097560975597
-0.012646484375000044,-0.031220703125,-1.008173828125,-0.17024390243902454,-2.1258536585365855,0.2295121951219512
-0.007519531250000044,-0.02853515625,-1.02013671875,-0.23121951219512216,-2.0039024390243902,0.1685365853658536
-0.012646484375000044,-0.035126953125,-1.026484375,-0.35317073170731716,-2.0039024390243902,0.10756097560975597
-0.007519531250000044,-0.0309765625,-1.017451171875,-0.35317073170731716,-2.1868292682926835,-0.014390243902439037
-0.009472656250000044,-0.03146484375,-0.997431640625,-0.35317073170731716,-2.369756097560976,0.10756097560975597
-0.010205078125000044,-0.035126953125,-1.011103515625,-0.53609756097561,-2.1258536585365855,-0.014390243902439037
-0.017285156250000044,-0.03537109375,-1.02111328125,-0.4141463414634148,-2.1868292682926835,-0.014390243902439037
-0.009716796875000044,-0.0309765625,-1.000361328125,-0.10926829268292693,-2.430731707317073,0.10756097560975597
-0.0036132812500000444,-0.036591796875,-0.99669921875,-0.17024390243902454,-2.430731707317073,0.046585365853658356
-0.013867187500000044,-0.029267578125,-1.005,-0.29219512195121955,-2.0648780487804883,0.046585365853658356
-0.018261718750000044,-0.030732421875,-1.0128125,-0.35317073170731716,-2.2478048780487807,0.10756097560975597
-0.008007812500000044,-0.027802734375,-1.00353515625,-0.4141463414634148,-2.5526829268292683,0.046585365853658356
-0.007519531250000044,-0.027314453125,-0.98693359375,-0.5970731707317076,-2.308780487804878,-0.07536585365853665
-0.020214843750000044,-0.027802734375,-0.998408203125,-0.6580487804878052,-1.8209756097560976,-0.014390243902439037
-0.009228515625000044,-0.03732421875,-0.99767578125,-0.5970731707317076,-2.1868292682926835,0.046585365853658356
-0.007519531250000044,-0.032685546875,-0.989619140625,-0.23121951219512216,-2.1258536585365855,-0.014390243902439037
-0.012158203125000044,-0.036103515625,-0.97375,-0.04829268292682953,-1.8819512195121952,-0.014390243902439037
-0.023632812500000044,-0.03634765625,-0.997919921875,-0.10926829268292693,-1.6380487804878052,0.1685365853658536
-0.011914062500000044,-0.03,-1.00451171875,-0.04829268292682953,-1.51609756097561,0.2904878048780486
-0.0023925781250000444,-0.0270703125,-0.9942578125,0.012682926829268082,-1.8209756097560976,0.1685365853658536
-0.009228515625000044,-0.023896484375,-0.982783203125,-0.23121951219512216,-1.3941463414634148,-0.014390243902439037
-0.014843750000000044,-0.026337890625,-0.986689453125,-0.4141463414634148,-1.2721951219512195,-0.014390243902439037
-0.017773437500000044,-0.03537109375,-0.9971875,-0.4751219512195124,-1.2112195121951221,-0.014390243902439037
-0.004833984375000044,-0.031953125,-0.985712890625,-0.29219512195121955,-1.3331707317073171,-0.014390243902439037
-0.008007812500000044,-0.034638671875,-0.985712890625,-0.29219512195121955,-1.0282926829268295,0.046585365853658356
-0.017529296875000044,-0.035859375,-0.98693359375,-0.17024390243902454,-0.784390243902439,-0.07536585365853665
-0.017041015625000044,-0.02951171875,-0.991083984375,-0.17024390243902454,-0.784390243902439,0.046585365853658356
-0.007763671875000044,-0.028291015625,-0.97619140625,-0.10926829268292693,-0.662439024390244,0.1685365853658536
-0.009960937500000044,-0.023408203125,-0.988642578125,-0.04829268292682953,-0.4795121951219514,-0.014390243902439037
-0.010937500000000044,-0.030732421875,-0.998896484375,-0.17024390243902454,-0.17463414634146346,-0.07536585365853665
-0.011181640625000044,-0.03244140625,-0.99669921875,-0.04829268292682953,-0.23560975609756107,-0.13634146341463427
-0.011425781250000044,-0.032685546875,-0.98302734375,-0.04829268292682953,-0.23560975609756107,0.046585365853658356
-0.011914062500000044,-0.032197265625,-0.9844921875,-0.10926829268292693,0.008292682926829165,0.046585365853658356
-0.013134765625000044,-0.030732421875,-1.003779296875,-0.29219512195121955,0.313170731707317,0.046585365853658356
-0.009228515625000044,-0.02951171875,-0.993525390625,-0.17024390243902454,0.13024390243902428,-0.07536585365853665
-0.012402343750000044,-0.027802734375,-0.982783203125,-0.04829268292682953,0.13024390243902428,-0.07536585365853665
-0.014111328125000044,-0.02951171875,-0.99962890625,-0.29219512195121955,0.49609756097560975,-0.19731707317073188
-0.011669921875000044,-0.03537109375,-1.00744140625,-0.10926829268292693,0.6180487804878049,0.046585365853658356
-0.009716796875000044,-0.035859375,-1.006220703125,0.0736585365853657,0.43512195121951214,-0.014390243902439037
-0.008496093750000044,-0.032197265625,-0.999140625,0.0736585365853657,0.3741463414634146,0.046585365853658356
-0.014355468750000044,-0.03439453125,-1.00548828125,0.0736585365853657,0.6180487804878049,-0.014390243902439037
-0.017041015625000044,-0.03048828125,-1.00744140625,-0.10926829268292693,0.49609756097560975,-0.014390243902439037
-0.008984375000000044,-0.0212109375,-1.004267578125,-0.10926829268292693,0.43512195121951214,-0.014390243902439037
-0.006054687500000044,-0.029755859375,-1.008173828125,-0.23121951219512216,0.43512195121951214,-0.07536585365853665
-0.015576171875000044,-0.03146484375,-1.016962890625,-0.29219512195121955,0.6180487804878049,-0.13634146341463427
-0.016064453125000044,-0.036591796875,-1.018427734375,-0.17024390243902454,0.3741463414634146,-0.07536585365853665
-0.007763671875000044,-0.036103515625,-1.007197265625,-0.04829268292682953,0.25219512195121946,-0.13634146341463427
-0.013378906250000044,-0.0348828125,-1.00841796875,0.012682926829268082,0.313170731707317,0.10756097560975597
-0.016064453125000044,-0.030244140625,-1.021845703125,-0.04829268292682953,0.49609756097560975,0.10756097560975597
-0.010205078125000044,-0.025849609375,-1.03478515625,0.1346341463414633,0.1912195121951219,0.10756097560975597
-0.005566406250000044,-0.02951171875,-1.014521484375,0.0736585365853657,-0.17463414634146346,-0.07536585365853665
-0.014843750000000044,-0.03,-1.013056640625,-0.10926829268292693,0.13024390243902428,-0.014390243902439037
-0.016308593750000044,-0.035859375,-1.028681640625,-0.4751219512195124,-0.11365853658536595,-0.014390243902439037
-0.013378906250000044,-0.029755859375,-1.024287109375,-0.29219512195121955,-0.17463414634146346,0.046585365853658356
-0.009472656250000044,-0.03048828125,-1.006708984375,-0.29219512195121955,-0.5404878048780488,-0.13634146341463427
-0.008984375000000044,-0.033173828125,-1.01720703125,-0.35317073170731716,-0.2965853658536586,-0.13634146341463427
-0.022167968750000044,-0.040986328125,-1.0333203125,-0.17024390243902454,-0.23560975609756107,0.10756097560975597
-0.010937500000000044,-0.034150390625,-1.02501953125,0.1346341463414633,-0.8453658536585367,-0.014390243902439037
-0.015576171875000044,-0.03,-1.011103515625,0.1346341463414633,-0.662439024390244,0.046585365853658356
-0.009716796875000044,-0.03048828125,-1.018427734375,-0.23121951219512216,-0.784390243902439,0.046585365853658356
-0.018505859375000044,-0.02853515625,-1.0333203125,-0.29219512195121955,-0.662439024390244,-0.13634146341463427
-0.012158203125000044,-0.031953125,-1.011591796875,-0.23121951219512216,-1.2112195121951221,-0.014390243902439037
-0.007275390625000044,-0.028779296875,-1.007197265625,-0.53609756097561,-0.9063414634146343,0.046585365853658356
-0.012646484375000044,-0.0378125,-1.024775390625,-0.53609756097561,-1.089268292682927,-0.014390243902439037
-0.018994140625000044,-0.03341796875,-1.0196484375,-0.35317073170731716,-1.1502439024390245,-0.014390243902439037
-0.010205078125000044,-0.033173828125,-1.00109375,0.0736585365853657,-1.51609756097561,0.046585365853658356
-0.013378906250000044,-0.03146484375,-1.01427734375,-0.17024390243902454,-1.2721951219512195,0.2295121951219512
-0.015332031250000044,-0.03048828125,-1.024775390625,-0.10926829268292693,-1.2112195121951221,0.046585365853658356
-0.010449218750000044,-0.026826171875,-1.006220703125,-0.17024390243902454,-1.51609756097561,0.10756097560975597
-0.011425781250000044,-0.026337890625,-1.00060546875,-0.29219512195121955,-1.51609756097561,0.046585365853658356
-0.013134765625000044,-0.031953125,-1.01671875,-0.53609756097561,-1.2721951219512195,-0.07536585365853665
-0.017041015625000044,-0.035859375,-1.014521484375,-0.5970731707317076,-1.3331707317073171,0.046585365853658356
-0.013623046875000044,-0.035859375,-1.0020703125,-0.23121951219512216,-1.6380487804878052,0.10756097560975597
-0.004589843750000044,-0.035615234375,-0.999384765625,-0.35317073170731716,-1.6380487804878052,-0.014390243902439037
-0.022656250000000044,-0.03439453125,-1.005732421875,-0.17024390243902454,-1.3331707317073171,0.046585365853658356
-0.016308593750000044,-0.02755859375,-1.017939453125,-0.23121951219512216,-1.5770731707317076,0.10756097560975597
-0.010937500000000044,-0.02462890625,-1.003046875,-0.17024390243902454,-1.5770731707317076,0.10756097560975597
-0.009716796875000044,-0.02169921875,-1.00548828125,-0.4751219512195124,-1.5770731707317076,0.046585365853658356
-0.012402343750000044,-0.031220703125,-1.0079296875,-0.6580487804878052,-1.3941463414634148,-0.13634146341463427
-0.019482421875000044,-0.0348828125,-1.000849609375,-0.4141463414634148,-1.3941463414634148,-0.07536585365853665
-0.007519531250000044,-0.0368359375,-0.999873046875,-0.23121951219512216,-1.51609756097561,0.046585365853658356
-0.011669921875000044,-0.03341796875,-0.995478515625,-0.23121951219512216,-1.2721951219512195,0.10756097560975597
-0.012402343750000044,-0.030244140625,-1.00744140625,-0.10926829268292693,-1.2112195121951221,0.046585365853658356
-0.015332031250000044,-0.0309765625,-1.003779296875,0.012682926829268082,-1.2721951219512195,0.10756097560975597
-0.012646484375000044,-0.024384765625,-0.991083984375,-0.04829268292682953,-1.2721951219512195,0.10756097560975597
-0.007763671875000044,-0.02560546875,-0.996943359375,-0.29219512195121955,-1.089268292682927,0.10756097560975597
-0.013378906250000044,-0.036103515625,-1.0001171875,-0.35317073170731716,-1.089268292682927,0.046585365853658356
-0.010205078125000044,-0.0309765625,-0.99572265625,-0.35317073170731716,-1.0282926829268295,-0.014390243902439037
-0.013623046875000044,-0.031708984375,-0.98791015625,-0.4141463414634148,-1.0282926829268295,-0.13634146341463427
-0.011425781250000044,-0.0348828125,-1.00109375,-0.29219512195121955,-0.8453658536585367,-0.014390243902439037
-0.016064453125000044,-0.0387890625,-1.003046875,-0.29219512195121955,-0.784390243902439,0.10756097560975597
-0.013623046875000044,-0.03341796875,-0.9962109375,-0.10926829268292693,-0.7234146341463417,0.10756097560975597
-0.014111328125000044,-0.032685546875,-0.994013671875,-0.04829268292682953,-0.662439024390244,-0.014390243902439037
-0.014843750000000044,-0.03,-0.994501953125,-0.04829268292682953,-0.662439024390244,0.046585365853658356
-0.011914062500000044,-0.030244140625,-0.998408203125,-0.17024390243902454,-0.4795121951219514,0.046585365853658356
-0.008740234375000044,-0.026337890625,-1.001826171875,0.012682926829268082,-0.4795121951219514,0.046585365853658356
-0.015576171875000044,-0.0309765625,-1.004755859375,-0.23121951219512216,-0.4185365853658538,-0.07536585365853665
-0.014111328125000044,-0.03146484375,-0.999384765625,-0.35317073170731716,-0.2965853658536586,-0.014390243902439037
-0.018750000000000044,-0.03146484375,-1.00158203125,-0.23121951219512216,-0.2965853658536586,-0.014390243902439037
-0.008496093750000044,-0.033173828125,-0.999140625,-0.29219512195121955,-0.4185365853658538,-0.014390243902439037
-0.013134765625000044,-0.03634765625,-0.999873046875,-0.10926829268292693,-0.17463414634146346,-0.07536585365853665
-0.015820312500000044,-0.035615234375,-1.01134765625,-0.10926829268292693,-0.11365853658536595,0.046585365853658356
-0.016552734375000044,-0.03048828125,-1.0040234375,-0.04829268292682953,-0.11365853658536595,0.046585365853658356
-0.011914062500000044,-0.0329296875,-1.00158203125,0.0736585365853657,-0.17463414634146346,-0.014390243902439037
-0.009228515625000044,-0.028779296875,-1.003046875,-0.10926829268292693,-0.11365853658536595,-0.014390243902439037
-0.017041015625000044,-0.02755859375,-1.008173828125,-0.17024390243902454,-0.11365853658536595,-0.014390243902439037
-0.011181640625000044,-0.031708984375,-1.003291015625,-0.23121951219512216,-0.11365853658536595,-0.13634146341463427
-0.011425781250000044,-0.03244140625,-1.01330078125,-0.23121951219512216,-0.05268292682926834,0.10756097560975597
-0.014843750000000044,-0.031953125,-1.006220703125,-0.17024390243902454,0.008292682926829165,-0.07536585365853665
-0.010449218750000044,-0.0368359375,-1.008662109375,-0.23121951219512216,0.008292682926829165,-0.014390243902439037
-0.013867187500000044,-0.031220703125,-1.0128125,-0.04829268292682953,-0.17463414634146346,-0.07536585365853665
-0.014599609375000044,-0.029755859375,-1.008662109375,0.012682926829268082,-0.17463414634146346,0.046585365853658356
-0.011425781250000044,-0.03146484375,-1.010615234375,-0.04829268292682953,-0.17463414634146346,0.10756097560975597
-0.011181640625000044,-0.0290234375,-1.01525390625,-0.10926829268292693,-0.11365853658536595,0.10756097560975597
-0.012646484375000044,-0.03634765625,-1.007685546875,-0.10926829268292693,-0.23560975609756107,-0.014390243902439037
-0.012890625000000044,-0.030732421875,-1.005,-0.17024390243902454,-0.23560975609756107,0.046585365853658356
-0.013378906250000044,-0.0368359375,-1.013544921875,-0.04829268292682953,-0.23560975609756107,-0.07536585365853665
-0.015576171875000044,-0.033662109375,-1.013056640625,-0.17024390243902454,-0.2965853658536586,-0.014390243902439037
-0.011181640625000044,-0.033662109375,-1.015986328125,-0.10926829268292693,-0.4185365853658538,0.046585365853658356
-0.013378906250000044,-0.028046875,-1.010859375,-0.04829268292682953,-0.4185365853658538,0.046585365853658356
-0.011669921875000044,-0.031953125,-1.010859375,-0.29219512195121955,-0.4185365853658538,0.046585365853658356
-0.013867187500000044,-0.03146484375,-1.01671875,-0.29219512195121955,-0.5404878048780488,-0.014390243902439037
-0.015576171875000044,-0.028779296875,-1.01134765625,-0.23121951219512216,-0.5404878048780488,-0.014390243902439037
-0.012158203125000044,-0.031953125,-1.014521484375,-0.29219512195121955,-0.6014634146341464,-0.014390243902439037
-0.017529296875000044,-0.0368359375,-1.017939453125,-0.10926829268292693,-0.662439024390244,-0.07536585365853665
-0.012646484375000044,-0.03390625,-1.011103515625,-0.17024390243902454,-0.662439024390244,0.046585365853658356
-0.013623046875000044,-0.0290234375,-1.014033203125,-0.04829268292682953,-0.7234146341463417,0.046585365853658356
-0.013134765625000044,-0.02951171875,-1.004755859375,-0.17024390243902454,-0.7234146341463417,0.046585365853658356
-0.012158203125000044,-0.026826171875,-1.013056640625,-0.10926829268292693,-0.7234146341463417,-0.014390243902439037
-0.010937500000000044,-0.0348828125,-1.0020703125,-0.35317073170731716,-0.784390243902439,-0.014390243902439037
-0.012890625000000044,-0.03244140625,-1.012568359375,-0.29219512195121955,-0.784390243902439,0.046585365853658356
-0.015087890625000044,-0.032197265625,-1.010126953125,-0.4141463414634148,-0.9063414634146343,0.046585365853658356
-0.014111328125000044,-0.03244140625,-1.015498046875,-0.29219512195121955,-0.9673170731707319,-0.014390243902439037
-0.014843750000000044,-0.03390625,-1.011591796875,-0.10926829268292693,-0.9063414634146343,0.046585365853658356
-0.009228515625000044,-0.028779296875,-1.003779296875,-0.29219512195121955,-0.9063414634146343,0.10756097560975597
-0.010937500000000044,-0.0270703125,-1.015498046875,-0.10926829268292693,-1.0282926829268295,0.1685365853658536
-0.014355468750000044,-0.033662109375,-1.005244140625,-0.23121951219512216,-1.089268292682927,0.10756097560975597
-0.016064453125000044,-0.03048828125,-1.0118359375,-0.29219512195121955,-1.0282926829268295,0.10756097560975597
-0.013378906250000044,-0.02853515625,-1.010859375,-0.29219512195121955,-0.9673170731707319,-0.13634146341463427
-0.012402343750000044,-0.032685546875,-1.013056640625,-0.35317073170731716,-1.089268292682927,0.046585365853658356
-0.014599609375000044,-0.028046875,-1.00255859375,-0.29219512195121955,-1.0282926829268295,0.046585365853658356
-0.011181640625000044,-0.03439453125,-1.005732421875,-0.17024390243902454,-1.089268292682927,0.046585365853658356
-0.011425781250000044,-0.03,-1.004755859375,-0.29219512195121955,-1.1502439024390245,-0.014390243902439037
-0.010693359375000044,-0.03341796875,-1.006953125,-0.17024390243902454,-1.089268292682927,0.046585365853658356
-0.010937500000000044,-0.03048828125,-1.0001171875,-0.23121951219512216,-1.089268292682927,0.046585365853658356
-0.012158203125000044,-0.033173828125,-1.00109375,-0.23121951219512216,-1.089268292682927,-0.014390243902439037
-0.010693359375000044,-0.03048828125,-1.0040234375,-0.35317073170731716,-1.0282926829268295,-0.07536585365853665
-0.009960937500000044,-0.035126953125,-0.99767578125,-0.23121951219512216,-1.089268292682927,0.046585365853658356
-0.011669921875000044,-0.032197265625,-1.001337890625,-0.23121951219512216,-1.089268292682927,-0.014390243902439037
-0.010205078125000044,-0.035126953125,-1.004267578125,-0.17024390243902454,-1.0282926829268295,-0.014390243902439037
-0.011181640625000044,-0.029267578125,-1.006708984375,-0.29219512195121955,-1.089268292682927,0.10756097560975597
-0.015820312500000044,-0.033173828125,-1.00548828125,-0.29219512195121955,-1.0282926829268295,-0.014390243902439037
-0.005810546875000044,-0.031953125,-1.00451171875,-0.23121951219512216,-1.0282926829268295,-0.014390243902439037
-0.009960937500000044,-0.03537109375,-1.000361328125,-0.23121951219512216,-1.0282926829268295,0.10756097560975597
-0.011425781250000044,-0.028291015625,-0.996455078125,-0.23121951219512216,-1.0282926829268295,0.10756097560975597
-0.011181640625000044,-0.030244140625,-0.995478515625,-0.17024390243902454,-0.9063414634146343,-0.014390243902439037
-0.014843750000000044,-0.03146484375,-1.0001171875,-0.23121951219512216,-0.9063414634146343,0.10756097560975597
-0.007031250000000044,-0.02755859375,-1.00158203125,-0.17024390243902454,-0.8453658536585367,-0.014390243902439037
-0.012402343750000044,-0.03146484375,-0.9962109375,-0.23121951219512216,-0.9063414634146343,0.046585365853658356
-0.009228515625000044,-0.032197265625,-0.997431640625,-0.23121951219512216,-0.8453658536585367,0.046585365853658356
-0.012158203125000044,-0.03146484375,-1.003046875,-0.23121951219512216,-0.784390243902439,0.046585365853658356
-0.009960937500000044,-0.035859375,-0.99669921875,-0.23121951219512216,-0.784390243902439,-0.014390243902439037
-0.011425781250000044,-0.03,-1.003779296875,-0.17024390243902454,-0.7234146341463417,0.046585365853658356
-0.013134765625000044,-0.03244140625,-0.995966796875,-0.23121951219512216,-0.7234146341463417,-0.07536585365853665
-0.011914062500000044,-0.02853515625,-1.009638671875,-0.17024390243902454,-0.662439024390244,-0.014390243902439037
-0.011425781250000044,-0.031953125,-0.999384765625,-0.17024390243902454,-0.5404878048780488,-0.014390243902439037
-0.008984375000000044,-0.031953125,-1.00158203125,-0.10926829268292693,-0.6014634146341464,-0.07536585365853665
-0.013867187500000044,-0.033173828125,-0.995966796875,-0.10926829268292693,-0.4185365853658538,0.10756097560975597
-0.014843750000000044,-0.032685546875,-1.001826171875,-0.23121951219512216,-0.5404878048780488,0.10756097560975597
-0.012646484375000044,-0.03390625,-0.9971875,-0.10926829268292693,-0.5404878048780488,-0.07536585365853665
-0.013867187500000044,-0.034150390625,-1.0020703125,-0.23121951219512216,-0.4795121951219514,0.046585365853658356
-0.011914062500000044,-0.031708984375,-1.005732421875,-0.10926829268292693,-0.4795121951219514,0.046585365853658356
-0.012646484375000044,-0.028779296875,-1.00255859375,-0.17024390243902454,-0.4795121951219514,-0.014390243902439037
-0.011425781250000044,-0.031220703125,-1.003779296875,-0.10926829268292693,-0.4185365853658538,0.046585365853658356
-0.009716796875000044,-0.028291015625,-1.01037109375,-0.10926829268292693,-0.4185365853658538,0.10756097560975597
-0.015820312500000044,-0.02951171875,-0.999384765625,-0.17024390243902454,-0.4795121951219514,-0.014390243902439037
-0.012890625000000044,-0.03439453125,-1.009638671875,-0.10926829268292693,-0.4185365853658538,0.046585365853658356
-0.016552734375000044,-0.03244140625,-1.010615234375,-0.17024390243902454,-0.4795121951219514,-0.07536585365853665
-0.011914062500000044,-0.030732421875,-1.007685546875,-0.10926829268292693,-0.3575609756097562,0.046585365853658356
-0.010937500000000044,-0.0329296875,-1.0079296875,-0.10926829268292693,-0.4795121951219514,-0.07536585365853665
-0.012158203125000044,-0.03244140625,-1.006220703125,-0.17024390243902454,-0.4185365853658538,-0.07536585365853665
-0.011425781250000044,-0.034638671875,-1.00939453125,-0.04829268292682953,-0.4795121951219514,0.046585365853658356
-0.013867187500000044,-0.030244140625,-1.007685546875,-0.23121951219512216,-0.4185365853658538,0.046585365853658356
-0.015087890625000044,-0.032197265625,-1.004755859375,-0.10926829268292693,-0.4795121951219514,-0.07536585365853665
-0.014599609375000044,-0.028291015625,-1.009638671875,-0.10926829268292693,-0.4185365853658538,0.046585365853658356
-0.012646484375000044,-0.028046875,-1.011103515625,-0.10926829268292693,-0.4795121951219514,-0.07536585365853665
-0.013623046875000044,-0.030244140625,-1.008173828125,-0.17024390243902454,-0.4185365853658538,0.10756097560975597
